0 38 245 370
1920 38 360 260
2268 38 360 260
4188 38 245 370
4544 38 245 370
6464 38 360 260
6813 38 360 260
8733 38 245 370
9111 38 245 370
11031 38 360 260
11380 38 360 260
13300 38 245 370
13679 38 245 370
15599 38 360 260
15948 38 360 260
17868 38 245 370
18247 38 245 370
20167 38 360 260
20516 38 360 260
22436 38 245 370
22815 38 245 370
24735 38 360 260
25084 38 360 260
27004 38 245 370
27383 38 245 370
29303 38 360 260
29652 38 360 260
31572 38 245 370
31951 38 245 370
33871 38 360 260
34220 38 360 260
36140 38 245 370
36519 38 245 370
38439 38 360 260
38788 38 360 260
40708 38 245 370
41087 38 245 370
43007 38 360 260
43356 38 360 260
45276 38 245 370
45655 38 245 370
47575 38 360 260
47924 38 360 260
49844 38 245 370
50223 38 245 370
52143 38 360 260
52492 38 360 260
54412 38 245 370
54791 38 245 370
56711 38 360 260
57060 38 360 260
58980 38 245 370
59359 38 245 370
61279 38 360 260
61628 38 360 260
63548 38 245 370
63927 38 245 370
65847 38 360 260
66196 38 360 260
68116 38 245 370
68495 38 245 370
70415 38 360 260
70764 38 360 260
72684 38 245 370
73063 38 245 370
74983 38 360 260
75332 38 360 260
77252 38 245 370
77631 38 245 370
79551 38 360 260
79900 38 360 260
81820 38 245 370
82199 38 245 370
84119 38 360 260
84468 38 360 260
86388 38 245 370
86767 38 245 370
88687 38 360 260
89036 38 360 260
90956 38 245 370
91335 38 245 370
93255 38 360 260
93604 38 360 260
95524 38 245 370
95903 38 245 370
97823 38 360 260
98172 38 360 260
100092 38 245 370
100471 38 245 370
102391 38 360 260
102740 38 360 260
104660 38 245 370
105039 38 245 370
106959 38 360 260
107308 38 360 260
109228 38 245 370
109607 38 245 370
111527 38 360 260
111876 38 360 260
113796 38 245 370
114175 38 245 370
116095 38 360 260
116444 38 360 260
118364 38 245 370
118743 38 245 370
120663 38 360 260
121012 38 360 260
122932 38 245 370
123311 38 245 370
125231 38 360 260
125580 38 360 260
127500 38 245 370
127879 38 245 370
129799 38 360 260
130148 38 360 260
132068 38 245 370
132447 38 245 370
134367 38 360 260
134716 38 360 260
136636 38 245 370
137015 38 245 370
138935 38 360 260
139284 38 360 260
141204 38 245 370
141583 38 245 370
143503 38 360 260
143852 38 360 260
145772 38 245 370
146151 38 245 370
148071 38 360 260
148420 38 360 260
