0 39 200 220
1200 39 280 155
1530 39 280 155
2730 39 200 220
3076 39 200 220
4276 39 280 155
4607 39 280 155
5807 39 200 220
6167 39 200 220
7367 39 280 155
7698 39 280 155
8898 39 200 220
9259 39 200 220
10459 39 280 155
10790 39 280 155
11990 39 200 220
12351 39 200 220
13551 39 280 155
13882 39 280 155
15082 39 200 220
15443 39 200 220
16643 39 280 155
16974 39 280 155
18174 39 200 220
18535 39 200 220
19735 39 280 155
20066 39 280 155
21266 39 200 220
21627 39 200 220
22827 39 280 155
23158 39 280 155
24358 39 200 220
24719 39 200 220
25919 39 280 155
26250 39 280 155
27450 39 200 220
27811 39 200 220
29011 39 280 155
29342 39 280 155
30542 39 200 220
30903 39 200 220
32103 39 280 155
32434 39 280 155
33634 39 200 220
33995 39 200 220
35195 39 280 155
35526 39 280 155
36726 39 200 220
37087 39 200 220
38287 39 280 155
38618 39 280 155
39818 39 200 220
40179 39 200 220
41379 39 280 155
41710 39 280 155
42910 39 200 220
43271 39 200 220
44471 39 280 155
44802 39 280 155
46002 39 200 220
46363 39 200 220
47563 39 280 155
47894 39 280 155
49094 39 200 220
49455 39 200 220
50655 39 280 155
50986 39 280 155
52186 39 200 220
52547 39 200 220
53747 39 280 155
54078 39 280 155
55278 39 200 220
55639 39 200 220
56839 39 280 155
57170 39 280 155
58370 39 200 220
58731 39 200 220
59931 39 280 155
60262 39 280 155
61462 39 200 220
61823 39 200 220
63023 39 280 155
63354 39 280 155
64554 39 200 220
64915 39 200 220
66115 39 280 155
66446 39 280 155
67646 39 200 220
68007 39 200 220
69207 39 280 155
69538 39 280 155
70738 39 200 220
71099 39 200 220
72299 39 280 155
72630 39 280 155
73830 39 200 220
74191 39 200 220
75391 39 280 155
75722 39 280 155
76922 39 200 220
77283 39 200 220
78483 39 280 155
78814 39 280 155
80014 39 200 220
80375 39 200 220
81575 39 280 155
81906 39 280 155
83106 39 200 220
83467 39 200 220
84667 39 280 155
84998 39 280 155
86198 39 200 220
86559 39 200 220
87759 39 280 155
88090 39 280 155
89290 39 200 220
89651 39 200 220
90851 39 280 155
91182 39 280 155
92382 39 200 220
92743 39 200 220
93943 39 280 155
94274 39 280 155
95474 39 200 220
95835 39 200 220
97035 39 280 155
97366 39 280 155
98566 39 200 220
98927 39 200 220
100127 39 280 155
100458 39 280 155
101658 39 200 220
102019 39 200 220
103219 39 280 155
103550 39 280 155
104750 39 200 220
105111 39 200 220
106311 39 280 155
106642 39 280 155
107842 39 200 220
108203 39 200 220
109403 39 280 155
109734 39 280 155
110934 39 200 220
111295 39 200 220
112495 39 280 155
112826 39 280 155
114026 39 200 220
114387 39 200 220
115587 39 280 155
115918 39 280 155
117118 39 200 220
117479 39 200 220
118679 39 280 155
119010 39 280 155
120210 39 200 220
120571 39 200 220
121771 39 280 155
122102 39 280 155
123302 39 200 220
123663 39 200 220
124863 39 280 155
125194 39 280 155
126394 39 200 220
126755 39 200 220
127955 39 280 155
128286 39 280 155
129486 39 200 220
129847 39 200 220
131047 39 280 155
131378 39 280 155
132578 39 200 220
132939 39 200 220
134139 39 280 155
134470 39 280 155
135670 39 200 220
136031 39 200 220
137231 39 280 155
137562 39 280 155
138762 39 200 220
139123 39 200 220
140323 39 280 155
140654 39 280 155
141854 39 200 220
142215 39 200 220
143415 39 280 155
143746 39 280 155
144946 39 200 220
145307 39 200 220
146507 39 280 155
146838 39 280 155
148038 39 200 220
148399 39 200 220
149599 39 280 155
149930 39 280 155
151130 39 200 220
151491 39 200 220
152691 39 280 155
153022 39 280 155
154222 39 200 220
154583 39 200 220
155783 39 280 155
156114 39 280 155
157314 39 200 220
157675 39 200 220
158875 39 280 155
159206 39 280 155
160406 39 200 220
160767 39 200 220
161967 39 280 155
162298 39 280 155
163498 39 200 220
163859 39 200 220
165059 39 280 155
165390 39 280 155
166590 39 200 220
166951 39 200 220
