0 40 480 615
1440 40 510 730
1780 40 510 730
3220 40 515 850
3590 40 515 850
5030 40 510 730
5364 40 510 730
6804 40 480 615
7228 40 480 615
8668 40 510 730
9009 40 510 730
10449 40 515 850
10820 40 515 850
12260 40 510 730
12594 40 510 730
14034 40 480 615
14511 40 480 615
15951 40 510 730
16292 40 510 730
17732 40 515 850
18103 40 515 850
19543 40 510 730
19877 40 510 730
21317 40 480 615
21795 40 480 615
23235 40 510 730
23576 40 510 730
25016 40 515 850
25387 40 515 850
26827 40 510 730
27161 40 510 730
28601 40 480 615
29079 40 480 615
30519 40 510 730
30860 40 510 730
32300 40 515 850
32671 40 515 850
34111 40 510 730
34445 40 510 730
35885 40 480 615
36363 40 480 615
37803 40 510 730
38144 40 510 730
39584 40 515 850
39955 40 515 850
41395 40 510 730
41729 40 510 730
43169 40 480 615
43647 40 480 615
45087 40 510 730
45428 40 510 730
46868 40 515 850
47239 40 515 850
48679 40 510 730
49013 40 510 730
50453 40 480 615
50931 40 480 615
52371 40 510 730
52712 40 510 730
54152 40 515 850
54523 40 515 850
55963 40 510 730
56297 40 510 730
57737 40 480 615
58215 40 480 615
59655 40 510 730
59996 40 510 730
61436 40 515 850
61807 40 515 850
63247 40 510 730
63581 40 510 730
65021 40 480 615
65499 40 480 615
66939 40 510 730
67280 40 510 730
68720 40 515 850
69091 40 515 850
70531 40 510 730
70865 40 510 730
72305 40 480 615
72783 40 480 615
74223 40 510 730
74564 40 510 730
76004 40 515 850
76375 40 515 850
77815 40 510 730
78149 40 510 730
79589 40 480 615
80067 40 480 615
81507 40 510 730
81848 40 510 730
83288 40 515 850
83659 40 515 850
85099 40 510 730
85433 40 510 730
86873 40 480 615
87351 40 480 615
88791 40 510 730
89132 40 510 730
90572 40 515 850
90943 40 515 850
92383 40 510 730
92717 40 510 730
94157 40 480 615
94635 40 480 615
96075 40 510 730
96416 40 510 730
97856 40 515 850
98227 40 515 850
99667 40 510 730
100001 40 510 730
101441 40 480 615
101919 40 480 615
103359 40 510 730
103700 40 510 730
105140 40 515 850
105511 40 515 850
106951 40 510 730
107285 40 510 730
108725 40 480 615
109203 40 480 615
110643 40 510 730
110984 40 510 730
112424 40 515 850
112795 40 515 850
114235 40 510 730
114569 40 510 730
116009 40 480 615
116487 40 480 615
117927 40 510 730
118268 40 510 730
119708 40 515 850
120079 40 515 850
121519 40 510 730
121853 40 510 730
123293 40 480 615
123771 40 480 615
125211 40 510 730
125552 40 510 730
126992 40 515 850
127363 40 515 850
128803 40 510 730
129137 40 510 730
130577 40 480 615
131055 40 480 615
132495 40 510 730
132836 40 510 730
134276 40 515 850
134647 40 515 850
136087 40 510 730
136421 40 510 730
137861 40 480 615
138339 40 480 615
139779 40 510 730
140120 40 510 730
141560 40 515 850
141931 40 515 850
143371 40 510 730
143705 40 510 730
145145 40 480 615
145623 40 480 615
147063 40 510 730
147404 40 510 730
148844 40 515 850
149215 40 515 850
150655 40 510 730
150989 40 510 730
152429 40 480 615
152907 40 480 615
154347 40 510 730
154688 40 510 730
156128 40 515 850
156499 40 515 850
157939 40 510 730
158273 40 510 730
159713 40 480 615
160191 40 480 615
