0 41 480 615
1440 41 555 500
1776 41 555 500
3216 41 480 615
3566 41 480 615
5006 41 555 500
5344 41 555 500
6784 41 480 615
7253 41 480 615
8693 41 555 500
9030 41 555 500
10470 41 480 615
10838 41 480 615
12278 41 555 500
12616 41 555 500
14056 41 480 615
14535 41 480 615
15975 41 555 500
16312 41 555 500
17752 41 480 615
18120 41 480 615
19560 41 555 500
19898 41 555 500
21338 41 480 615
21820 41 480 615
23260 41 555 500
23597 41 555 500
25037 41 480 615
25405 41 480 615
26845 41 555 500
27183 41 555 500
28623 41 480 615
29105 41 480 615
30545 41 555 500
30882 41 555 500
32322 41 480 615
32690 41 480 615
34130 41 555 500
34468 41 555 500
35908 41 480 615
36390 41 480 615
37830 41 555 500
38167 41 555 500
39607 41 480 615
39975 41 480 615
41415 41 555 500
41753 41 555 500
43193 41 480 615
43675 41 480 615
45115 41 555 500
45452 41 555 500
46892 41 480 615
47260 41 480 615
48700 41 555 500
49038 41 555 500
50478 41 480 615
50960 41 480 615
52400 41 555 500
52737 41 555 500
54177 41 480 615
54545 41 480 615
55985 41 555 500
56323 41 555 500
57763 41 480 615
58245 41 480 615
59685 41 555 500
60022 41 555 500
61462 41 480 615
61830 41 480 615
63270 41 555 500
63608 41 555 500
65048 41 480 615
65530 41 480 615
66970 41 555 500
67307 41 555 500
68747 41 480 615
69115 41 480 615
70555 41 555 500
70893 41 555 500
72333 41 480 615
72815 41 480 615
74255 41 555 500
74592 41 555 500
76032 41 480 615
76400 41 480 615
77840 41 555 500
78178 41 555 500
79618 41 480 615
80100 41 480 615
81540 41 555 500
81877 41 555 500
83317 41 480 615
83685 41 480 615
85125 41 555 500
85463 41 555 500
86903 41 480 615
87385 41 480 615
88825 41 555 500
89162 41 555 500
90602 41 480 615
90970 41 480 615
92410 41 555 500
92748 41 555 500
94188 41 480 615
94670 41 480 615
96110 41 555 500
96447 41 555 500
97887 41 480 615
98255 41 480 615
99695 41 555 500
100033 41 555 500
101473 41 480 615
101955 41 480 615
103395 41 555 500
103732 41 555 500
105172 41 480 615
105540 41 480 615
106980 41 555 500
107318 41 555 500
108758 41 480 615
109240 41 480 615
110680 41 555 500
111017 41 555 500
112457 41 480 615
112825 41 480 615
114265 41 555 500
114603 41 555 500
116043 41 480 615
116525 41 480 615
117965 41 555 500
118302 41 555 500
119742 41 480 615
120110 41 480 615
121550 41 555 500
121888 41 555 500
123328 41 480 615
123810 41 480 615
125250 41 555 500
125587 41 555 500
127027 41 480 615
127395 41 480 615
128835 41 555 500
129173 41 555 500
130613 41 480 615
131095 41 480 615
132535 41 555 500
132872 41 555 500
134312 41 480 615
134680 41 480 615
136120 41 555 500
136458 41 555 500
137898 41 480 615
138380 41 480 615
139820 41 555 500
140157 41 555 500
141597 41 480 615
141965 41 480 615
143405 41 555 500
143743 41 555 500
145183 41 480 615
145665 41 480 615
147105 41 555 500
147442 41 555 500
148882 41 480 615
149250 41 480 615
150690 41 555 500
151028 41 555 500
152468 41 480 615
152950 41 480 615
154390 41 555 500
154727 41 555 500
156167 41 480 615
156535 41 480 615
