0 42 70 660
960 42 160 680
1284 42 160 680
2244 42 70 660
2587 42 70 660
3547 42 160 680
3872 42 160 680
4832 42 70 660
5187 42 70 660
6147 42 160 680
6472 42 160 680
7432 42 70 660
7787 42 70 660
8747 42 160 680
9072 42 160 680
10032 42 70 660
10387 42 70 660
11347 42 160 680
11672 42 160 680
12632 42 70 660
12987 42 70 660
13947 42 160 680
14272 42 160 680
15232 42 70 660
15587 42 70 660
16547 42 160 680
16872 42 160 680
17832 42 70 660
18187 42 70 660
19147 42 160 680
19472 42 160 680
20432 42 70 660
20787 42 70 660
21747 42 160 680
22072 42 160 680
23032 42 70 660
23387 42 70 660
24347 42 160 680
24672 42 160 680
25632 42 70 660
25987 42 70 660
26947 42 160 680
27272 42 160 680
28232 42 70 660
28587 42 70 660
29547 42 160 680
29872 42 160 680
30832 42 70 660
31187 42 70 660
32147 42 160 680
32472 42 160 680
33432 42 70 660
33787 42 70 660
34747 42 160 680
35072 42 160 680
36032 42 70 660
36387 42 70 660
37347 42 160 680
37672 42 160 680
38632 42 70 660
38987 42 70 660
39947 42 160 680
40272 42 160 680
41232 42 70 660
41587 42 70 660
42547 42 160 680
42872 42 160 680
43832 42 70 660
44187 42 70 660
45147 42 160 680
45472 42 160 680
46432 42 70 660
46787 42 70 660
47747 42 160 680
48072 42 160 680
49032 42 70 660
49387 42 70 660
50347 42 160 680
50672 42 160 680
51632 42 70 660
51987 42 70 660
52947 42 160 680
53272 42 160 680
54232 42 70 660
54587 42 70 660
55547 42 160 680
55872 42 160 680
56832 42 70 660
57187 42 70 660
58147 42 160 680
58472 42 160 680
59432 42 70 660
59787 42 70 660
60747 42 160 680
61072 42 160 680
62032 42 70 660
62387 42 70 660
63347 42 160 680
63672 42 160 680
64632 42 70 660
64987 42 70 660
65947 42 160 680
66272 42 160 680
67232 42 70 660
67587 42 70 660
68547 42 160 680
68872 42 160 680
69832 42 70 660
70187 42 70 660
71147 42 160 680
71472 42 160 680
72432 42 70 660
72787 42 70 660
73747 42 160 680
74072 42 160 680
75032 42 70 660
75387 42 70 660
76347 42 160 680
76672 42 160 680
77632 42 70 660
77987 42 70 660
78947 42 160 680
79272 42 160 680
80232 42 70 660
80587 42 70 660
81547 42 160 680
81872 42 160 680
82832 42 70 660
83187 42 70 660
84147 42 160 680
84472 42 160 680
85432 42 70 660
85787 42 70 660
86747 42 160 680
87072 42 160 680
88032 42 70 660
88387 42 70 660
89347 42 160 680
89672 42 160 680
90632 42 70 660
90987 42 70 660
91947 42 160 680
92272 42 160 680
93232 42 70 660
93587 42 70 660
94547 42 160 680
94872 42 160 680
95832 42 70 660
96187 42 70 660
97147 42 160 680
97472 42 160 680
98432 42 70 660
98787 42 70 660
99747 42 160 680
100072 42 160 680
101032 42 70 660
101387 42 70 660
102347 42 160 680
102672 42 160 680
103632 42 70 660
103987 42 70 660
104947 42 160 680
105272 42 160 680
106232 42 70 660
106587 42 70 660
107547 42 160 680
107872 42 160 680
108832 42 70 660
109187 42 70 660
110147 42 160 680
110472 42 160 680
111432 42 70 660
111787 42 70 660
112747 42 160 680
113072 42 160 680
114032 42 70 660
114387 42 70 660
115347 42 160 680
115672 42 160 680
116632 42 70 660
116987 42 70 660
117947 42 160 680
118272 42 160 680
119232 42 70 660
119587 42 70 660
120547 42 160 680
120872 42 160 680
121832 42 70 660
122187 42 70 660
123147 42 160 680
123472 42 160 680
124432 42 70 660
124787 42 70 660
125747 42 160 680
126072 42 160 680
127032 42 70 660
127387 42 70 660
128347 42 160 680
128672 42 160 680
129632 42 70 660
129987 42 70 660
130947 42 160 680
131272 42 160 680
132232 42 70 660
132587 42 70 660
133547 42 160 680
133872 42 160 680
134832 42 70 660
135187 42 70 660
136147 42 160 680
136472 42 160 680
137432 42 70 660
137787 42 70 660
138747 42 160 680
139072 42 160 680
140032 42 70 660
140387 42 70 660
141347 42 160 680
141672 42 160 680
142632 42 70 660
142987 42 70 660
143947 42 160 680
144272 42 160 680
145232 42 70 660
145587 42 70 660
146547 42 160 680
146872 42 160 680
147832 42 70 660
148187 42 70 660
149147 42 160 680
149472 42 160 680
150432 42 70 660
150787 42 70 660
151747 42 160 680
152072 42 160 680
153032 42 70 660
153387 42 70 660
154347 42 160 680
154672 42 160 680
155632 42 70 660
155987 42 70 660
156947 42 160 680
157272 42 160 680
158232 42 70 660
158587 42 70 660
159547 42 160 680
159872 42 160 680
160832 42 70 660
161187 42 70 660
162147 42 160 680
162472 42 160 680
163432 42 70 660
163787 42 70 660
164747 42 160 680
165072 42 160 680
166032 42 70 660
166387 42 70 660
167347 42 160 680
167672 42 160 680
168632 42 70 660
168987 42 70 660
169947 42 160 680
170272 42 160 680
171232 42 70 660
171587 42 70 660
172547 42 160 680
172872 42 160 680
173832 42 70 660
174187 42 70 660
