0 43 220 550
1440 43 320 470
1793 43 320 470
3233 43 220 550
3549 43 220 550
4989 43 330 610
5375 43 330 610
6815 43 220 550
7167 43 220 550
8607 43 320 470
9010 43 320 470
10450 43 220 550
10820 43 220 550
12260 43 330 610
12664 43 330 610
14104 43 220 550
14475 43 220 550
15915 43 320 470
16320 43 320 470
17760 43 220 550
18132 43 220 550
19572 43 330 610
19977 43 330 610
21417 43 220 550
21789 43 220 550
23229 43 320 470
23634 43 320 470
25074 43 220 550
25446 43 220 550
26886 43 330 610
27291 43 330 610
28731 43 220 550
29103 43 220 550
30543 43 320 470
30948 43 320 470
32388 43 220 550
32760 43 220 550
34200 43 330 610
34605 43 330 610
36045 43 220 550
36417 43 220 550
37857 43 320 470
38262 43 320 470
39702 43 220 550
40074 43 220 550
41514 43 330 610
41919 43 330 610
43359 43 220 550
43731 43 220 550
45171 43 320 470
45685 43 320 470
47125 43 220 550
47497 43 220 550
48937 43 330 610
49353 43 330 610
50793 43 220 550
51166 43 220 550
52606 43 320 470
53012 43 320 470
54452 43 220 550
54825 43 220 550
56265 43 330 610
56670 43 330 610
58110 43 220 550
58482 43 220 550
59922 43 320 470
60327 43 320 470
61767 43 220 550
62139 43 220 550
63579 43 330 610
63984 43 330 610
65424 43 220 550
65796 43 220 550
67236 43 320 470
67641 43 320 470
69081 43 220 550
69453 43 220 550
70893 43 330 610
71298 43 330 610
72738 43 220 550
73110 43 220 550
74550 43 320 470
74955 43 320 470
76395 43 220 550
76767 43 220 550
78207 43 330 610
78612 43 330 610
80052 43 220 550
80424 43 220 550
81864 43 320 470
82269 43 320 470
83709 43 220 550
84081 43 220 550
85521 43 330 610
85926 43 330 610
87366 43 220 550
87738 43 220 550
89178 43 320 470
89583 43 320 470
91023 43 220 550
91395 43 220 550
92835 43 330 610
93240 43 330 610
94680 43 220 550
95052 43 220 550
96492 43 320 470
96897 43 320 470
98337 43 220 550
98709 43 220 550
100149 43 330 610
100554 43 330 610
101994 43 220 550
102366 43 220 550
103806 43 320 470
104211 43 320 470
105651 43 220 550
106023 43 220 550
107463 43 330 610
107868 43 330 610
109308 43 220 550
109680 43 220 550
111120 43 320 470
111525 43 320 470
112965 43 220 550
113337 43 220 550
114777 43 330 610
115182 43 330 610
116622 43 220 550
116994 43 220 550
118434 43 320 470
118839 43 320 470
120279 43 220 550
120651 43 220 550
122091 43 330 610
122496 43 330 610
123936 43 220 550
124308 43 220 550
125748 43 320 470
126153 43 320 470
127593 43 220 550
127965 43 220 550
129405 43 330 610
129810 43 330 610
131250 43 220 550
131622 43 220 550
133062 43 320 470
133467 43 320 470
134907 43 220 550
135279 43 220 550
136719 43 330 610
137124 43 330 610
138564 43 220 550
138936 43 220 550
140376 43 320 470
140781 43 320 470
142221 43 220 550
142593 43 220 550
144033 43 330 610
144438 43 330 610
145878 43 220 550
146250 43 220 550
147690 43 320 470
148095 43 320 470
149535 43 220 550
149907 43 220 550
151347 43 330 610
151752 43 330 610
153192 43 220 550
153564 43 220 550
155004 43 320 470
155409 43 320 470
156849 43 220 550
157221 43 220 550
158661 43 330 610
159066 43 330 610
160506 43 220 550
160878 43 220 550
