0 44 220 550
1440 44 110 550
1845 44 110 550
3285 44 220 550
3601 44 220 550
5281 44 135 430
5671 44 135 430
7351 44 220 550
7707 44 220 550
9147 44 110 550
9556 44 110 550
10996 44 220 550
11372 44 220 550
13052 44 135 430
13463 44 135 430
15143 44 220 550
15520 44 220 550
16960 44 110 550
17370 44 110 550
18810 44 220 550
19188 44 220 550
20868 44 135 430
21279 44 135 430
22959 44 220 550
23336 44 220 550
24776 44 110 550
25186 44 110 550
26626 44 220 550
27004 44 220 550
28684 44 135 430
29095 44 135 430
30775 44 220 550
31152 44 220 550
32592 44 110 550
33002 44 110 550
34442 44 220 550
34820 44 220 550
36500 44 135 430
36911 44 135 430
38591 44 220 550
38968 44 220 550
40408 44 110 550
40818 44 110 550
42258 44 220 550
42636 44 220 550
44316 44 135 430
44727 44 135 430
46407 44 220 550
46784 44 220 550
48224 44 110 550
48634 44 110 550
50074 44 220 550
50452 44 220 550
52132 44 135 430
52543 44 135 430
54223 44 220 550
54600 44 220 550
56040 44 110 550
56450 44 110 550
57890 44 220 550
58268 44 220 550
59948 44 135 430
60359 44 135 430
62039 44 220 550
62416 44 220 550
63856 44 110 550
64266 44 110 550
65706 44 220 550
66084 44 220 550
67764 44 135 430
68175 44 135 430
69855 44 220 550
70232 44 220 550
71672 44 110 550
72082 44 110 550
73522 44 220 550
73900 44 220 550
75580 44 135 430
75991 44 135 430
77671 44 220 550
78048 44 220 550
79488 44 110 550
79898 44 110 550
81338 44 220 550
81716 44 220 550
83396 44 135 430
83807 44 135 430
85487 44 220 550
85864 44 220 550
87304 44 110 550
87714 44 110 550
89154 44 220 550
89532 44 220 550
91212 44 135 430
91623 44 135 430
93303 44 220 550
93680 44 220 550
95120 44 110 550
95530 44 110 550
96970 44 220 550
97348 44 220 550
99028 44 135 430
99439 44 135 430
101119 44 220 550
101496 44 220 550
102936 44 110 550
103346 44 110 550
104786 44 220 550
105164 44 220 550
106844 44 135 430
107255 44 135 430
108935 44 220 550
109312 44 220 550
110752 44 110 550
111162 44 110 550
112602 44 220 550
112980 44 220 550
114660 44 135 430
115071 44 135 430
116751 44 220 550
117128 44 220 550
118568 44 110 550
118978 44 110 550
120418 44 220 550
120796 44 220 550
122476 44 135 430
122887 44 135 430
124567 44 220 550
124944 44 220 550
126384 44 110 550
126794 44 110 550
128234 44 220 550
128612 44 220 550
130292 44 135 430
130703 44 135 430
132383 44 220 550
132760 44 220 550
134200 44 110 550
134610 44 110 550
136050 44 220 550
136428 44 220 550
138108 44 135 430
138519 44 135 430
140199 44 220 550
140576 44 220 550
142016 44 110 550
142426 44 110 550
143866 44 220 550
144244 44 220 550
145924 44 135 430
146335 44 135 430
148015 44 220 550
148392 44 220 550
149832 44 110 550
150242 44 110 550
151682 44 220 550
152060 44 220 550
153740 44 135 430
154151 44 135 430
155831 44 220 550
156208 44 220 550
