0 45 240 830
960 45 150 820
1289 45 150 820
2729 45 25 790
3088 45 25 790
4528 45 150 820
4861 45 150 820
5821 45 240 830
6232 45 240 830
7192 45 150 820
7521 45 150 820
8961 45 25 790
9320 45 25 790
10760 45 150 820
11093 45 150 820
12053 45 240 830
12505 45 240 830
13465 45 150 820
13794 45 150 820
15234 45 25 790
15594 45 25 790
17034 45 150 820
17367 45 150 820
18327 45 240 830
18781 45 240 830
19741 45 150 820
20070 45 150 820
21510 45 25 790
21870 45 25 790
23310 45 150 820
23643 45 150 820
24603 45 240 830
25057 45 240 830
26017 45 150 820
26346 45 150 820
27786 45 25 790
28146 45 25 790
29586 45 150 820
29919 45 150 820
30879 45 240 830
31333 45 240 830
32293 45 150 820
32622 45 150 820
34062 45 25 790
34422 45 25 790
35862 45 150 820
36195 45 150 820
37155 45 240 830
37609 45 240 830
38569 45 150 820
38898 45 150 820
40338 45 25 790
40698 45 25 790
42138 45 150 820
42471 45 150 820
43431 45 240 830
43885 45 240 830
44845 45 150 820
45174 45 150 820
46614 45 25 790
46974 45 25 790
48414 45 150 820
48747 45 150 820
49707 45 240 830
50161 45 240 830
51121 45 150 820
51450 45 150 820
52890 45 25 790
53250 45 25 790
54690 45 150 820
55023 45 150 820
55983 45 240 830
56437 45 240 830
57397 45 150 820
57726 45 150 820
59166 45 25 790
59526 45 25 790
60966 45 150 820
61299 45 150 820
62259 45 240 830
62713 45 240 830
63673 45 150 820
64002 45 150 820
65442 45 25 790
65802 45 25 790
67242 45 150 820
67575 45 150 820
68535 45 240 830
68989 45 240 830
69949 45 150 820
70278 45 150 820
71718 45 25 790
72078 45 25 790
73518 45 150 820
73851 45 150 820
74811 45 240 830
75265 45 240 830
76225 45 150 820
76554 45 150 820
77994 45 25 790
78354 45 25 790
79794 45 150 820
80127 45 150 820
81087 45 240 830
81541 45 240 830
82501 45 150 820
82830 45 150 820
84270 45 25 790
84630 45 25 790
86070 45 150 820
86403 45 150 820
87363 45 240 830
87817 45 240 830
88777 45 150 820
89106 45 150 820
90546 45 25 790
90906 45 25 790
92346 45 150 820
92679 45 150 820
93639 45 240 830
94093 45 240 830
95053 45 150 820
95382 45 150 820
96822 45 25 790
97182 45 25 790
98622 45 150 820
98955 45 150 820
99915 45 240 830
100369 45 240 830
101329 45 150 820
101658 45 150 820
103098 45 25 790
103458 45 25 790
104898 45 150 820
105231 45 150 820
106191 45 240 830
106645 45 240 830
107605 45 150 820
107934 45 150 820
109374 45 25 790
109734 45 25 790
111174 45 150 820
111507 45 150 820
112467 45 240 830
112921 45 240 830
113881 45 150 820
114210 45 150 820
115650 45 25 790
116010 45 25 790
117450 45 150 820
117783 45 150 820
118743 45 240 830
119197 45 240 830
120157 45 150 820
120486 45 150 820
121926 45 25 790
122286 45 25 790
123726 45 150 820
124059 45 150 820
125019 45 240 830
125473 45 240 830
126433 45 150 820
126762 45 150 820
128202 45 25 790
128562 45 25 790
130002 45 150 820
130335 45 150 820
131295 45 240 830
131749 45 240 830
132709 45 150 820
133038 45 150 820
134478 45 25 790
134838 45 25 790
136278 45 150 820
136611 45 150 820
137571 45 240 830
138025 45 240 830
138985 45 150 820
139314 45 150 820
140754 45 25 790
141114 45 25 790
142554 45 150 820
142887 45 150 820
143847 45 240 830
144301 45 240 830
145261 45 150 820
145590 45 150 820
147030 45 25 790
147390 45 25 790
148830 45 150 820
149163 45 150 820
150123 45 240 830
150577 45 240 830
151537 45 150 820
151866 45 150 820
153306 45 25 790
153666 45 25 790
155106 45 150 820
155439 45 150 820
156399 45 240 830
156853 45 240 830
157813 45 150 820
158142 45 150 820
159582 45 25 790
159942 45 25 790
161382 45 150 820
161715 45 150 820
162675 45 240 830
163129 45 240 830
