0 46 240 830
1440 46 310 730
1776 46 310 730
3216 46 240 830
3566 46 240 830
5006 46 310 730
5343 46 310 730
6783 46 240 830
7149 46 240 830
8589 46 310 730
8926 46 310 730
10366 46 240 830
10733 46 240 830
12173 46 310 730
12510 46 310 730
13950 46 240 830
14317 46 240 830
15757 46 310 730
16094 46 310 730
17534 46 240 830
17901 46 240 830
19341 46 310 730
19678 46 310 730
21118 46 240 830
21485 46 240 830
22925 46 310 730
23262 46 310 730
24702 46 240 830
25069 46 240 830
26509 46 310 730
26846 46 310 730
28286 46 240 830
28653 46 240 830
30093 46 310 730
30430 46 310 730
31870 46 240 830
32237 46 240 830
33677 46 310 730
34014 46 310 730
35454 46 240 830
35821 46 240 830
37261 46 310 730
37598 46 310 730
39038 46 240 830
39405 46 240 830
40845 46 310 730
41182 46 310 730
42622 46 240 830
42989 46 240 830
44429 46 310 730
44766 46 310 730
46206 46 240 830
46573 46 240 830
48013 46 310 730
48350 46 310 730
49790 46 240 830
50157 46 240 830
51597 46 310 730
51934 46 310 730
53374 46 240 830
53741 46 240 830
55181 46 310 730
55518 46 310 730
56958 46 240 830
57325 46 240 830
58765 46 310 730
59102 46 310 730
60542 46 240 830
60955 46 240 830
62395 46 310 730
62732 46 310 730
64172 46 240 830
64539 46 240 830
65979 46 310 730
66316 46 310 730
67756 46 240 830
68123 46 240 830
69563 46 310 730
69900 46 310 730
71340 46 240 830
71707 46 240 830
73147 46 310 730
73484 46 310 730
74924 46 240 830
75291 46 240 830
76731 46 310 730
77068 46 310 730
78508 46 240 830
78875 46 240 830
80315 46 310 730
80652 46 310 730
82092 46 240 830
82459 46 240 830
83899 46 310 730
84236 46 310 730
85676 46 240 830
86043 46 240 830
87483 46 310 730
87820 46 310 730
89260 46 240 830
89627 46 240 830
91067 46 310 730
91404 46 310 730
92844 46 240 830
93211 46 240 830
94651 46 310 730
94988 46 310 730
96428 46 240 830
96795 46 240 830
98235 46 310 730
98572 46 310 730
100012 46 240 830
100379 46 240 830
101819 46 310 730
102156 46 310 730
103596 46 240 830
103963 46 240 830
105403 46 310 730
105740 46 310 730
107180 46 240 830
107547 46 240 830
108987 46 310 730
109324 46 310 730
110764 46 240 830
111131 46 240 830
112571 46 310 730
112908 46 310 730
114348 46 240 830
114715 46 240 830
116155 46 310 730
116492 46 310 730
117932 46 240 830
118299 46 240 830
119739 46 310 730
120076 46 310 730
121516 46 240 830
121920 46 240 830
123360 46 310 730
123697 46 310 730
125137 46 240 830
125504 46 240 830
126944 46 310 730
127281 46 310 730
128721 46 240 830
129088 46 240 830
130528 46 310 730
130865 46 310 730
132305 46 240 830
132672 46 240 830
134112 46 310 730
134449 46 310 730
135889 46 240 830
136256 46 240 830
137696 46 310 730
138033 46 310 730
139473 46 240 830
139840 46 240 830
141280 46 310 730
141617 46 310 730
143057 46 240 830
143424 46 240 830
144864 46 310 730
145201 46 310 730
146641 46 240 830
147008 46 240 830
148448 46 310 730
148785 46 310 730
150225 46 240 830
150592 46 240 830
152032 46 310 730
152369 46 310 730
153809 46 240 830
154176 46 240 830
155616 46 310 730
155953 46 310 730
157393 46 240 830
157760 46 240 830
159200 46 310 730
159537 46 310 730
160977 46 240 830
161344 46 240 830
