0  40  4100  2300
0  41  600  900
0  42  3400  900
0  43  4100  1600
0  44  1300  2300
0 45 600 900
0 46 1300 2300
0 47 1300 2300
0 48 1300 2300
0 49 4100 2300
0 50 4100 2300
0 51 4100 1600
1680 45 1300 900
1680 46 2000 2300
1680 47 600 2300
1680 49 4800 2300
1680 50 3400 2300
1680 51 4800 1600
8400 50 3400 2300
10080 50 4100 2300
16800 50 4100 2300
18480 50 3400 2300
21839 45 1300 900
21839 51 4800 1600
23519 45 2000 900
23519 51 5500 1600
25200 50 3400 2300
26880 50 4100 2300
28560 49 4800 2300
29519 47 600 2300
30240 49 5500 2300
31199 47 1300 2300
33600 50 4100 2300
35280 50 3400 2300
42000 50 3400 2300
42959 46 2000 2300
43678 45 2000 900
43678 51 5500 1600
43680 50 4100 2300
44639 46 2700 2300
45358 45 2700 900
45358 51 6200 1600
50400 50 4100 2300
52080 50 3400 2300
57120 49 5500 2300
58800 49 6200 2300
58800 50 3400 2300
59038 47 1300 2300
60480 50 4100 2300
60718 47 600 2300
65517 45 2700 900
65517 51 6200 1600
67197 45 2000 900
67197 51 5500 1600
67200 50 4100 2300
68880 50 3400 2300
75600 50 3400 2300
77280 50 4100 2300
84000 50 4100 2300
85680 49 6200 2300
85918 46 2700 2300
87356 45 2000 900
87356 51 5500 1600
88557 47 600 2300
