0 13200 0 50000 0 50000
false drop box
0 0 9100 30100
0 1 7600 27100
0 2 4100 31100
0 3 7100 17100
0 4 7600 13100
0 5 9100 16100
0 6 8600 20100
0 7 11100 24100
0 8 5100 23100
0 9 4600 26100
0 10 7100 33100
0 11 4100 29100
0 12 5100 28100
0 13 6100 15100
0 14 9100 19100
0 15 6100 21100
0 16 7600 22100
0 17 9100 21100
0 18 6100 29600
0 19 17100 13200
0 20 18500 18200
0 21 18500 22000


wifi
0 22 9200 30200
0 23 7700 27200
0 24 4200 31200
0 25 7200 17200
0 26 7700 13200
0 27 9200 16200
0 28 8700 20200
0 29 11200 24200
0 30 5200 23200
0 31 4700 26200
0 32 7200 33200
0 33 4200 29200
0 34 5200 28200
0 35 6200 15200
0 36 9200 19200
0 37 6200 21200
0 38 7700 22200
0 39 9200 21200
0 40 6200 29700
0 41 17100 13200
0 42 18500 18200
0 43 18500 22000

actual drop box
0 44 9100 30100
0 45 7600 27100
0 46 4100 31100
0 47 7100 17100
0 48 7600 13100
0 49 9100 16100
0 50 8600 20100
0 51 11100 24100
0 52 5100 23100
0 53 4600 26100
0 54 7100 33100
0 55 4100 29100
0 56 5100 28100
0 57 6100 15100
0 58 9100 19100
0 59 6100 21100
0 60 7600 22100
0 61 9100 21100
0 62 6100 29600
0 63 17100 13200
0 64 18500 18200
0 65 18500 22000
